10001 1 3512602123 1234567 20220928 好友 10005 10003 群 1001 QQ新群 1001张三2子群
10002 2 3512602123 123456 20220928 好友 10004 群 1002
10001 3 3512602123 123456 20220928 好友 群 1003
10001 4 3512602123 123456 20220928 好友 群 1004
10003 1 5466123015 123456 20220929 好友 10001 群
10004 2 5466123015 123456 20220929 好友 群
10003 3 5466123015 123456 20220929 好友 群
10003 4 5466123015 123456 20220928 好友 群
10005 1 1234567890 123456 20221010 好友 10001 群 1001
10006 2 1234567890 123456 20221010 好友 群
10005 3 1234567890 1234569 20221018 好友 群
10007 1 1223333 123456 20221018 好友 群
